position,badge_url,name,games_played,games_won,games_drawn,games_lost,goals_for,goals_against,goal_difference,points
1,https://resources.premierleague.com/premierleague25/badges/3.svg,Arsenal,4,3,1,0,10,4,6,10
2,https://resources.premierleague.com/premierleague25/badges/94.svg,Brentford,4,3,1,0,11,6,5,10
3,https://resources.premierleague.com/premierleague25/badges/43.svg,Manchester City,4,3,1,0,11,6,5,10
4,https://resources.premierleague.com/premierleague25/badges/36.svg,Brighton and Hove Albion,4,2,2,0,7,5,2,8
5,https://resources.premierleague.com/premierleague25/badges/54.svg,Fulham,3,2,1,0,6,3,3,7
6,https://resources.premierleague.com/premierleague25/badges/4.svg,Newcastle United,3,2,1,0,4,2,2,7
7,https://resources.premierleague.com/premierleague25/badges/7.svg,Aston Villa,4,2,1,1,6,5,1,7
8,https://resources.premierleague.com/premierleague25/badges/6.svg,Tottenham Hotspur,3,2,0,1,7,2,5,6
9,https://resources.premierleague.com/premierleague25/badges/14.svg,Liverpool,3,2,0,1,5,1,4,6
10,https://resources.premierleague.com/premierleague25/badges/8.svg,Chelsea,4,1,2,1,6,6,0,5
11,https://resources.premierleague.com/premierleague25/badges/13.svg,Leicester City,4,1,2,1,4,4,0,5
12,https://resources.premierleague.com/premierleague25/badges/91.svg,Bournemouth,3,1,1,1,4,3,1,4
13,https://resources.premierleague.com/premierleague25/badges/11.svg,Everton,4,1,1,2,4,7,-3,4
14,https://resources.premierleague.com/premierleague25/badges/21.svg,West Ham United,4,1,0,3,6,9,-3,3
15,https://resources.premierleague.com/premierleague25/badges/1.svg,Manchester United,3,1,0,2,1,6,-5,3
16,https://resources.premierleague.com/premierleague25/badges/17.svg,Nottingham Forest,3,0,2,1,2,3,-1,2
17,https://resources.premierleague.com/premierleague25/badges/40.svg,Ipswich Town,3,0,2,1,3,5,-2,2
18,https://resources.premierleague.com/premierleague25/badges/31.svg,Crystal Palace,4,0,2,2,2,5,-3,2
19,https://resources.premierleague.com/premierleague25/badges/20.svg,Southampton,3,0,1,2,1,5,-4,1
20,https://resources.premierleague.com/premierleague25/badges/39.svg,Wolverhampton Wanderers,3,0,0,3,4,10,-6,0
